1	6.3	3.3	6	2.5	A
2	5.8	2.7	5.1	1.9	A
3	7.1	3	5.9	2.1	A
4	6.3	2.9	5.6	1.8	A
5	6.5	3	5.8	2.2	A
6	7.6	3	6.6	2.1	A
7	4.9	2.5	4.5	1.7	A
8	7.3	2.9	6.3	1.8	A
9	6.7	2.5	5.8	1.8	A
10	7.2	3.6	6.1	2.5	A
11	6.5	3.2	5.1	2	A
12	6.4	2.7	5.3	1.9	A
13	6.8	3	5.5	2.1	A
14	5.7	2.5	5	2	A
15	5.8	2.8	5.1	2.4	A
16	6.4	3.2	5.3	2.3	A
17	6.5	3	5.5	1.8	A
18	7.7	3.8	6.7	2.2	A
19	7.7	2.6	6.9	2.3	A
20	6	2.2	5	1.5	A
21	6.9	3.2	5.7	2.3	A
22	5.6	2.8	4.9	2	A
23	7.7	2.8	6.7	2	A
24	6.3	2.7	4.9	1.8	A
25	6.7	3.3	5.7	2.1	A
26	7.2	3.2	6	1.8	A
27	6.2	2.8	4.8	1.8	A
28	6.1	3	4.9	1.8	A
29	6.4	2.8	5.6	2.1	A
30	7.2	3	5.8	1.6	A
31	7.4	2.8	6.1	1.9	A
32	7.9	3.8	6.4	2	A
33	6.4	2.8	5.6	2.2	A
34	6.3	2.8	5.1	1.5	A
35	6.1	2.6	5.6	1.4	A
36	7	3.2	4.7	1.4	B
37	6.4	3.2	4.5	1.5	B
38	6.9	3.1	4.9	1.5	B
39	5.5	2.3	4	1.3	B
40	6.5	2.8	4.6	1.5	B
41	5.7	2.8	4.5	1.3	B
42	6.3	3.3	4.7	1.6	B
43	4.9	2.4	3.3	1	B
44	6.6	2.9	4.6	1.3	B
45	5.2	2.7	3.9	1.4	B
46	5	2	3.5	1	B
47	5.9	3	4.2	1.5	B
48	6	2.2	4	1	B
49	6.1	2.9	4.7	1.4	B
50	5.6	2.9	3.6	1.3	B
51	6.7	3.1	4.4	1.4	B
52	5.6	3	4.5	1.5	B
53	5.8	2.7	4.1	1	B
54	6.2	2.2	4.5	1.5	B
55	5.6	2.5	3.9	1.1	B
56	5.9	3.2	4.8	1.8	B
57	6.1	2.8	4	1.3	B
58	6.3	2.5	4.9	1.5	B
59	6.1	2.8	4.7	1.2	B
60	6.4	2.9	4.3	1.3	B
61	6.6	3	4.4	1.4	B
62	6.8	2.8	4.8	1.4	B
63	6.7	3	5	1.7	B
64	6	2.9	4.5	1.5	B
65	5.7	2.6	3.5	1	B
66	5.5	2.4	3.8	1.1	B
67	5.5	2.4	3.7	1	B
68	5.8	2.7	3.9	1.2	B
69	6	2.7	5.1	1.6	B
70	5.4	3	4.5	1.5	B
71	5.1	3.5	1.4	0.2	C
72	4.9	3	1.4	0.2	C
73	4.7	3.2	1.3	0.2	C
74	4.6	3.1	1.5	0.2	C
75	5	3.6	1.4	0.2	C
76	5.4	3.9	1.7	0.4	C
77	4.6	3.4	1.4	0.3	C
78	5	3.4	1.5	0.2	C
79	4.4	2.9	1.4	0.2	C
80	4.9	3.1	1.5	0.1	C
81	5.4	3.7	1.5	0.2	C
82	4.8	3.4	1.6	0.2	C
83	4.8	3	1.4	0.1	C
84	4.3	3	1.1	0.1	C
85	5.8	4	1.2	0.2	C
86	5.7	4.4	1.5	0.4	C
87	5.4	3.9	1.3	0.4	C
88	5.1	3.5	1.4	0.3	C
89	5.7	3.8	1.7	0.3	C
90	5.1	3.8	1.5	0.3	C
91	5.4	3.4	1.7	0.2	C
92	5.1	3.7	1.5	0.4	C
93	4.6	3.6	1	0.2	C
94	5.1	3.3	1.7	0.5	C
95	4.8	3.4	1.9	0.2	C
96	5	3	1.6	0.2	C
97	5	3.4	1.6	0.4	C
98	5.2	3.5	1.5	0.2	C
99	5.2	3.4	1.4	0.2	C
100	4.7	3.2	1.6	0.2	C
101	4.8	3.1	1.6	0.2	C
102	5.4	3.4	1.5	0.4	C
103	5.2	4.1	1.5	0.1	C
104	5.5	4.2	1.4	0.2	C
105	4.9	3.1	1.5	0.2	C
106	5	3.2	1.2	0.2
107	5.5	3.5	1.3	0.2
108	4.9	3.6	1.4	0.1
109	4.4	3	1.3	0.2
110	5.1	3.4	1.5	0.2
111	5	3.5	1.3	0.3
112	4.5	2.3	1.3	0.3
113	4.4	3.2	1.3	0.2
114	5	3.5	1.6	0.6
115	5.1	3.8	1.9	0.4
116	4.8	3	1.4	0.3
117	5.1	3.8	1.6	0.2
118	4.6	3.2	1.4	0.2
119	5.3	3.7	1.5	0.2
120	5	3.3	1.4	0.2
121	6	3.4	4.5	1.6
122	6.7	3.1	4.7	1.5
123	6.3	2.3	4.4	1.3
124	5.6	3	4.1	1.3
125	5.5	2.5	4	1.3
126	5.5	2.6	4.4	1.2
127	6.1	3	4.6	1.4
128	5.8	2.6	4	1.2
129	5	2.3	3.3	1
130	5.6	2.7	4.2	1.3
131	5.7	3	4.2	1.2
132	5.7	2.9	4.2	1.3
133	6.2	2.9	4.3	1.3
134	5.1	2.5	3	1.1
135	5.7	2.8	4.1	1.3
136	7.7	3	6.1	2.3
137	6.3	3.4	5.6	2.4
138	6.4	3.1	5.5	1.8
139	6	3	4.8	1.8
140	6.9	3.1	5.4	2.1
141	6.7	3.1	5.6	2.4
142	6.9	3.1	5.1	2.3
143	5.8	2.7	5.1	1.9
144	6.8	3.2	5.9	2.3
145	6.7	3.3	5.7	2.5
146	6.7	3	5.2	2.3
147	6.3	2.5	5	1.9
148	6.5	3	5.2	2
149	6.2	3.4	5.4	2.3
150	5.9	3	5.1	1.8